335 680
256 769
778 219
501 570
780 444
866 421
376 440
623 869
892 485
195 477
101 94
403 815
521 950
986 284
794 772
206 175
500 842
422 437
876 839
724 852
949 191
954 696
792 732
258 34
455 32
431 31
79 210
44 199
166 696
489 723
442 730
273 158
275 633
703 330
955 527
360 641
278 762
332 272
129 844
105 709
576 608
63 404
193 49
821 984
89 368
117 884
602 981
464 165
296 42
461 260
483 744
461 956
120 372
423 987
183 807
545 750
116 434
602 822
34 683
694 9
532 27
827 432
257 530
386 643
520 665
489 234
219 749
244 143
277 415
826 985
153 243
31 169
606 84
625 439
637 27
950 83
200 57
929 688
159 241
53 826
588 745
559 512
603 963
355 565
160 976
611 630
118 155
89 339
565 336
916 370
947 294
690 12
218 106
847 726
822 167
520 115
465 619
311 95
516 426
356 410
387 42
227 921
375 624
398 501
785 256
814 421
110 695
908 311
452 197
257 925
245 501
633 783
226 775
789 412
712 290
457 513
160 980
434 559
947 583
29 301
876 753
839 642
537 633
892 846
892 172
266 877
965 139
84 698
847 886
784 558
982 130
314 265
203 737
221 831
365 947
477 630
15 690
364 429
652 116
412 829
196 867
815 205
888 425
694 795
374 981
770 146
853 249
299 871
249 659
38 299
802 866
972 56
478 904
780 620
910 761
354 946
712 247
546 253
489 155
735 89
878 972
41 951
209 190
151 317
526 353
180 312
697 501
587 586
667 245
66 898
752 397
685 993
647 887
878 799
852 177
292 529
405 451
617 587
853 933
587 447
436 17
127 66
15 535
784 591
34 652
456 216
101 92
272 888
312 835
449 347
788 393
306 67
764 40
145 553
148 159
521 370
301 627
619 303
674 709
689 36
103 506
889 24
690 943
580 253
597 365
617 382
252 413
154 789
659 829
334 161
895 781
919 521
73 944
308 15
524 639
252 858
369 55
509 629
918 368
138 399
739 265
279 516
45 665
128 120
718 883
667 111
9 79
562 439
524 949
958 22
694 363
383 269
377 77
581 789
231 90
236 969
562 689
88 653
508 616
650 224
649 835
499 995
936 339
455 694
54 140
569 474
460 85
573 373
416 969
762 393
62 812
446 309
414 204
592 150
845 704
860 476
734 642
959 603
128 836
756 80
775 727
349 400
566 668
344 203
932 512
893 800
744 620
515 894
91 89
547 997
116 63
344 716
978 759
787 38
390 153
797 830
26 896
766 948
572 322
794 281
677 456
251 123
349 24
684 558
69 523
335 96
24 14
679 798
910 67
817 324
835 434
34 454
576 651
886 384
349 530
163 484
113 699
382 393
443 789
404 364
112 364
925 82
644 998
198 407
542 791
283 282
804 10
946 953
673 473
419 615
891 683
66 295
510 144
216 193
951 304
375 588
892 873
204 80
662 891
660 203
879 743
626 989
159 680
214 711
886 558
149 788
778 677
424 735
445 768
885 154
446 607
438 711
591 23
264 962
383 309
541 730
980 24
788 136
707 94
577 245
824 475
196 674
814 876
344 158
696 965
340 574
338 361
705 928
522 548
536 379
836 246
910 587
662 864
239 863
693 390
656 240
228 138
204 929
432 888
354 353
100 459
401 198
339 335
206 206
942 985
521 38
311 731
329 668
221 11
601 553
655 229
89 987
344 376
992 406
130 338
629 792
516 842
264 151
259 297
581 837
739 826
651 561
813 165
323 783
338 622
209 399
802 671
295 478
254 287
675 542
692 568
963 117
870 847
238 405
691 26
290 236
506 12
653 937
17 831
211 762
349 186
789 584
680 718
915 9
348 218
254 376
18 843
854 202
471 285
948 852
564 291
967 24
452 867
352 455
309 875
846 315
649 576
796 106
615 69
75 307
235 155
241 448
406 254
444 91
697 621
721 609
62 707
924 810
188 15
542 60
872 837
391 56
673 777
609 859
657 69
103 753
741 728
192 321
552 452
738 312
186 350
459 617
503 51
947 360
621 580
663 111
478 500
32 857
209 367
900 427
417 10
690 323
292 2
713 313
152 663
334 881
873 605
322 579
78 620
86 678
424 389
925 925
302 664
639 316
320 955
826 552
67 323
744 820
966 523
405 147
811 642
869 881
501 520
649 964
263 1000
785 159
179 146
301 47
910 958
181 211
870 650
559 83
563 108
719 454
890 477
279 590
807 399
976 329
530 516
728 708
544 769
882 174
184 793
683 199
97 888
973 904
271 288
669 350
813 518
928 420
639 643
692 256
912 701
452 476
531 798
450 976
202 440
553 555
487 720
369 202
580 755
328 329
477 392
128 714
429 601
274 608
539 837
917 91
362 798
709 437
848 533
315 647
323 828
173 816
462 111
501 264
22 830
999 644
895 161
352 203
691 911
520 742
632 630
840 612
624 155
23 602
52 240
80 665
892 501
656 59
322 658
727 634
702 902
399 461
280 97
397 482
182 162
203 778
576 525
477 250
366 960
858 336
583 399
586 467
197 402
471 259
746 966
514 736
505 358
429 921
832 557
483 102
107 975
313 548
802 653
25 151
931 313
133 409
560 196
675 836
674 633
384 787
562 329
716 361
49 690
328 381
1 707
908 443
951 866
137 442
903 412
393 94
945 702
834 852
157 628
28 27
341 725
509 865
160 692
739 694
189 343
860 185
845 399
987 159
69 664
861 386
463 95
853 28
757 877
804 766
731 395
47 541
346 578
185 28
542 59
29 757
948 178
665 634
476 377
806 92
509 743
835 966
618 35
29 160
106 724
366 425
475 999
341 541
876 733
991 76
105 397
461 855
300 689
195 27
134 616
75 300
294 480
647 915
588 677
589 214
609 673
933 196
882 472
175 102
943 396
396 500
713 144
573 628
752 402
580 472
604 615
144 683
748 136
989 590
892 540
260 897
668 111
878 760
313 254
329 645
65 586
59 855
841 155
642 984
218 902
870 71
187 763
578 747
819 660
550 927
951 116
906 291
829 232
543 127
336 422
460 514
180 966
274 354
860 945
559 594
795 419
932 188
834 312
644 677
772 140
718 107
978 205
446 127
452 980
774 905
393 481
764 211
755 340
595 336
124 249
110 831
743 563
911 16
927 849
768 16
106 218
720 641
182 370
360 830
26 848
650 612
656 741
939 382
503 509
39 620
380 448
132 909
162 738
698 559
749 946
531 907
333 321
851 975
798 355
172 215
904 156
167 257
884 585
660 294
855 489
708 761
824 524
68 142
405 243
399 885
364 527
770 341
147 378
916 123
470 828
592 530
535 727
705 899
130 629
646 610
425 578
803 416
947 873
369 437
295 31
610 442
699 996
858 874
739 24
44 225
858 217
667 144
223 335
768 104
326 382
168 291
35 908
139 30
412 307
801 859
142 714
691 798
25 605
213 175
384 676
731 701
867 335
193 488
909 693
669 67
769 366
285 144
825 652
863 645
865 30
579 449
326 430
82 365
732 198
372 475
899 31
540 893
334 230
822 424
681 451
360 879
75 513
642 277
108 349
80 619
600 571
405 707
213 143
956 791
828 202
943 183
813 182
179 966
884 985
895 503
444 476
707 359
316 631
231 238
680 791
755 538
51 400
383 407
453 571
841 355
922 42
897 59
444 78
342 702
860 252
375 42
312 33
361 616
406 435
725 670
820 407
369 999
391 285
5 620
304 115
22 619
417 300
425 566
377 99
406 755
764 622
596 832
917 229
909 119
805 808
686 686
394 289
452 707
675 949
534 284
394 565
918 878
483 581
955 414
662 808
442 873
296 927
576 625
169 290
1 36
515 490
30 716
271 959
108 189
52 380
517 872
738 274
132 784
536 176
733 866
968 573
717 29
822 44
908 935
750 668
371 581
495 114
853 253
904 543
82 314
375 338
136 883
539 121
151 465
71 735
213 407
414 301
543 120
529 239
981 610
544 637
17 220
113 300
783 587
325 669
549 531
804 639
745 190
287 756
714 304
847 911
990 473
226 982
278 560
296 460
950 198
755 243
986 902
713 254
972 375
781 393
57 299
466 601
581 958
257 584
111 250
367 584
96 921
240 170
269 337
941 465
47 490
921 670
72 739
175 842
706 574
768 122
203 670
764 382
734 560
51 807
780 181
57 470
926 280
800 711
70 912
972 503
764 904
936 724
919 836
924 515
503 335
45 491
902 131
262 692
462 970
485 476
595 337
102 471
134 747
242 500
360 998
696 662
330 883
70 509
590 658
333 694
757 550
443 780
295 734
871 163
710 959
585 285
353 941
944 596
893 346
905 612
193 274
911 78
546 465
69 501
335 90
721 952
583 305
761 559
508 573
77 513
93 212
574 446
538 667
979 933
672 811
985 964
223 911
166 227
430 154
254 407
626 501
811 866
273 53
627 53
35 837
18 187
595 120
597 112
728 930
410 904
170 451
294 280
472 899
732 835
631 174
795 983
357 436
114 117
444 424
430 149
87 884
812 531
183 546
639 687
947 215
727 530
83 382
712 897
633 243
768 768
399 437
96 991
423 640
881 336
208 632
392 178
323 494
664 907
103 2
462 772
173 798
919 410
388 742
305 274
593 360
769 509
437 814
415 350
102 38
331 281
307 379
889 78
595 678
789 592
418 189
352 194
275 29
121 685
345 384
894 121
65 729
115 123
632 459
57 235
267 129
962 183
348 962
815 746
366 234
207 478
34 909
71 612
913 758
479 517
667 417
59 887
874 163
173 756
897 113
670 628
320 807
322 274
252 798
714 110
717 25
830 258
748 363
719 114
442 349
379 654
897 73
367 216
238 360
374 684
804 106
77 230
577 95
352 896
867 990
724 986
415 202
510 294
91 78
840 503
73 32
205 322
137 87
973 980
248 19
732 106
700 217
291 17
900 937
7 10
377 92
443 241
252 820
123 770
510 976
679 249
672 159
973 556
194 693
265 420
633 473
595 992
667 721
577 968
340 71
77 646
393 980
91 271
819 832
914 748
665 93
73 85
398 637
451 350
746 377
609 855
959 210
826 980
159 833
603 391
396 950
609 237
960 937
878 946
183 852
460 799
388 612
283 475
208 607
106 564
89 526
747 72
654 699
433 835
431 335
645 646
336 980
518 561
663 831
219 221
750 25
968 973
223 578
920 269
89 487
265 382
477 261
886 26
436 251
157 164
904 552
912 823
358 267
388 251
821 565
271 814
683 119
110 290
725 485
455 170
535 741
800 638
178 585
104 362
808 452
896 674
746 742
325 5
939 26
295 748
284 435
594 289
55 746
949 214
473 688
596 683
660 724
166 660
918 198
706 430
654 933
17 409
476 623
509 690
841 243
110 364
898 211
58 93
438 410
977 698
114 992
687 135
691 969
831 271
95 171
335 711
396 213
453 79
374 795
172 711
115 734
932 617
406 422
547 377
305 178
892 710
717 861
962 613
952 277
548 685
500 100
477 777
630 101
489 655
225 571
825 818
477 363
107 349
876 690
117 981
465 872
47 960
838 256
862 230
937 433
956 841
978 899
502 861
585 597
168 223
118 395
839 581
918 247
542 913
678 711
265 126
348 351
582 689
182 970
357 306
286 513
156 861
323 34
760 81
421 902
378 172
645 410
844 190
761 621
507 556
632 889
637 20
432 718
771 483
933 239
891 84
249 980
230 583
640 825
950 323
96 9
340 490
666 735
963 477
300 289
908 957
839 109
438 484
765 129
840 702
514 909
745 441
227 497
759 907
519 909
563 495
438 884
915 425
257 785
499 612
589 782
879 495
248 789
281 754
193 507
727 980
694 163
940 430
305 224
159 453
184 344
46 524
560 468
645 300
452 850
196 163
139 564
488 19
365 718
965 107
826 895
531 875
653 681
114 713
21 82
862 450
822 191
578 29
79 554
102 777
389 513
502 793
373 892
142 314
733 213
876 373
465 947
827 886
809 419
902 160
961 708
389 32
812 565
4 149
812 180
959 98
842 764
908 350
1000 843
488 647
132 98
845 216
664 904
504 597
131 210
751 994
378 522
116 100
840 683
679 980
607 827
191 883
898 620
843 739
311 429
758 834
667 561
667 307
732 552
14 396
947 976
176 715
375 609
547 416
887 530
347 608
683 5
279 497
208 40
681 886
722 174
75 692
459 320
747 346
283 193
438 295
330 332
48 739
283 746
721 626
90 837
584 90
325 412
585 657
539 901
868 996
596 110
296 164
820 506
116 671
504 691
215 287
981 295
969 552
926 1
437 370
51 855
6 412
318 430
485 419
547 197
537 783
560 688
314 1
944 946
500 324
129 947
449 198
766 633
777 495
282 952
909 916
522 661
857 757
992 342
280 525
858 295
648 524
81 767
54 443
39 973
325 574
997 428
390 727
197 232
36 731
108 416
910 390
330 90
726 254
929 90
431 656
319 897
205 452
774 620
515 89
681 801
319 911
293 12
607 901
743 776
311 305
870 309
530 813
376 273
281 175
11 898
768 591
175 535
813 970
462 288
145 467
834 1000
190 314
71 817
863 21
760 875
562 47
621 553
623 982
665 558
140 284
656 494
737 3
406 232
516 877
466 39
855 420
674 800
70 279
850 690
310 213
279 292
372 705
623 827
894 210
80 998
544 473
710 914
596 481
288 405
124 667
411 356
81 720
744 101
330 604
960 618
474 304
190 289
300 651
765 359
633 431
651 403
917 227
811 390
8 535
15 410
170 726
389 337
654 275
928 163
80 608
11 701
129 722
288 87
757 186
983 346
776 360
33 997
234 714
854 750
369 557
141 650
813 16
1 380
419 674
127 240
117 993
29 88
884 974
516 816
873 56
483 351
820 71
617 490
873 766
186 459
885 494
800 293
708 171
816 227
746 432
996 318
118 852
674 560
219 25
642 645
749 263
411 126
547 749
268 603
974 306
317 735
477 351
511 423
718 216
882 550
119 160
557 261
363 597
952 83
135 237
436 951
740 106
652 151
732 639
535 115
418 990
400 49
260 496
404 930
244 222
362 215
905 725
741 839
395 789
334 929
457 21
385 847
863 106
503 627
747 220
298 210
129 806
732 440
204 454
61 827
270 558
776 755
370 957
446 639
692 390
625 663
670 286
227 558
95 707
581 363
930 714
10 183
560 946
180 384
629 446
189 324
786 131
128 445
578 825
676 363
58 519
600 384
220 261
186 626
947 148
100 332
53 943
218 3
510 499
182 536
170 186
495 31
60 738
971 67
101 596
714 64
795 365
170 546
521 21
461 780
589 513
571 216
406 230
9 803
197 930
410 247
60 782
692 345
72 563
881 868
327 434
918 13
38 643
254 44
662 232
419 832
552 956
693 736
471 722
717 216
96 476
250 174
571 279
41 432
459 732
564 727
511 886
684 785
698 688
945 250
90 10
871 600
434 80
929 527
629 378
62 245
857 766
67 825
306 3
838 508
231 926
635 280
540 377
930 418
296 7
285 584
601 20
985 724
742 286
267 109
883 229
231 257
104 453
707 160
703 789
835 720
728 223
599 327
760 736
641 841
696 995
629 431
223 975
965 775
896 301
921 890
44 589
790 880
552 875
278 313
422 804
730 515
418 256
974 282
719 127
78 230
285 610
458 692
611 121
430 31
662 371
216 950
884 583
674 38
99 357
219 213
893 242
111 386
136 516
839 107
705 551
5 516
91 173
393 655
709 917
368 853
499 435
631 581
985 260
254 825
956 52
581 24
41 473
327 780
539 129
569 481
581 584
299 898
436 52
833 660
158 668
559 184
924 849
893 214
158 393
350 563
918 553
162 835
856 641
468 390
900 330
876 947
778 339
837 514
67 984
243 327
889 679
875 832
587 408
7 438
913 402
679 424
233 277
655 795
273 535
549 663
721 250
465 794
155 98
555 850
324 111
228 82
585 25
75 266
639 103
373 527
429 788
809 658
782 576
559 440
277 770
27 641
146 500
906 291
247 308
883 451
257 606
859 41
650 769
452 316
339 707
188 703
989 152
501 766
192 456
104 285
624 859
416 437
66 528
879 106
141 924
939 486
874 806
303 118
46 616
455 95
33 515
651 25
324 710
968 838
147 370
172 737
333 446
965 555
261 427
242 916
419 305
411 731
629 879
204 701
858 823
831 11
122 661
370 53
304 350
289 567
379 692
203 74
724 885
824 847
665 458
68 805
123 549
765 937
715 319
273 866
101 686
78 431
512 264
788 683
516 821
563 168
588 615
981 705
686 915
930 200
346 188
310 714
236 299
131 499
634 219
499 176
961 779
210 978
367 605
272 702
310 645
486 654
543 606
844 949
268 940
87 56
602 527
986 367
512 95
5 288
90 148
888 610
735 166
180 178
289 974
230 939
878 629
725 769
548 154
391 429
526 881
51 776
685 503
639 418
68 794
910 872
680 413
764 797
1000 366
666 667
481 572
960 756
403 974
168 977
578 69
483 57
442 837
421 844
720 822
72 262
324 300
979 751
44 32
363 623
927 105
407 256
283 951
845 205
475 765
609 802
954 455
983 492
192 724
346 854
716 965
989 84
322 89
734 23
468 742
315 755
7 767
139 59
986 41
689 536
425 395
943 268
596 781
304 648
16 449
34 635
379 427
997 833
414 938
902 553
419 10
899 885
554 419
601 642
669 258
985 230
481 724
442 928
515 161
189 782
423 627
452 455
107 699
468 793
274 215
919 956
804 163
204 45
698 477
707 778
890 546
465 195
739 677
182 316
681 795
341 781
841 457
245 363
270 823
173 118
852 607
78 927
917 568
461 935
998 66
2 960
709 865
832 494
112 144
844 77
911 578
622 850
980 460
619 222
82 307
113 356
395 557
666 58
593 903
864 234
172 695
239 112
713 33
536 355
664 715
784 391
830 159
346 209
371 893
543 867
734 255
514 931
174 71
499 63
439 310
329 411
169 1
22 685
232 863
654 325
520 404
863 302
786 471
338 407
943 831
799 819
727 237
799 709
179 209
21 355
892 72
352 651
514 626
757 659
292 384
355 49
355 134
647 747
102 71
363 886
663 794
585 95
936 39
801 927
827 882
180 285
534 601
794 734
440 952
310 125
528 930
262 318
805 945
347 766
357 899
351 29
926 613
210 966
439 611
443 938
658 625
864 761
528 694
1000 338
222 732
400 208
340 873
535 560
936 818
470 290
249 690
645 366
917 196
444 269
118 461
875 10
817 178
30 800
632 255
573 455
372 525
65 325
845 659
778 594
185 604
103 633
495 999
965 748
936 380
387 948
260 63
472 652
140 550
410 985
382 730
358 769
515 501
906 427
514 360
253 140
504 177
948 886
259 583
722 354
206 793
762 997
195 928
329 535
802 390
57 316
972 435
569 378
813 325
592 284
501 634
740 763
47 677
833 189
195 421
54 678
875 141
570 669
72 740
975 62
713 138
936 274
128 566
996 261
547 395
878 550
617 454
59 723
244 86
798 834
271 150
194 478
227 630
177 21
656 640
902 821
683 954
984 247
913 882
374 236
471 989
313 842
763 330
839 761
224 281
80 634
617 237
328 358
178 788
954 215
358 723
799 680
614 303
221 430
916 160
559 80
313 840
625 372
705 244
60 15
240 967
346 230
362 460
225 996
945 334
463 79
443 582
349 313
11 976
599 163
902 718
741 441
793 344
809 456
376 861
769 877
400 751
496 37
928 401
981 115
548 29
953 197
866 394
880 284
212 779
631 340
334 375
195 427
439 73
276 22
846 731
795 118
848 164
550 208
841 186
531 983
953 286
320 964
331 737
724 286
405 17
117 912
332 160
589 703
96 182
509 592
336 215
72 113
948 320
663 704
144 467
960 987
748 870
376 877
43 367
211 421
647 260
714 217
638 518
325 54
625 872
937 332
450 938
298 337
817 180
576 570
277 568
996 174
352 41
431 633
249 714
394 278
27 958
117 257
117 37
729 637
225 563
282 807
962 455
836 972
521 456
417 872
700 516
20 801
538 462
274 584
64 347
364 944
330 445
737 309
453 172
975 456
664 161
890 500
173 708
627 380
353 251
206 19
14 362
350 94
647 155
856 481
611 230
183 455
211 120
373 832
517 872
961 801
709 918
329 657
535 318
766 873
997 348
902 452
287 619
175 231
237 262
923 103
508 780
110 2
426 513
892 317
433 184
334 593
13 221
309 634
256 121
585 563
83 178
154 263
229 742
538 846
512 468
235 720
74 336
744 974
770 585
123 539
611 386
148 845
304 639
486 460
316 575
328 505
358 634
178 870
4 790
526 743
49 829
954 429
381 765
331 784
689 467
74 992
361 664
585 536
150 661
791 822
386 734
942 339
252 430
3 496
788 540
751 493
112 613
135 115
219 299
444 325
249 694
981 939
267 156
187 542
159 660
782 461
433 716
617 42
48 264
602 104
493 607
340 870
266 294
628 468
344 483
846 750
178 376
430 847
145 373
259 566
460 652
42 260
59 620
853 993
856 145
449 670
168 454
176 895
269 504
234 892
15 552
835 28
232 121
704 635
969 759
441 375
147 989
956 55
390 35
937 485
511 816
76 383
10 963
562 700
808 144
398 976
642 448
285 63
489 863
875 783
693 202
945 863
50 874
636 412
5 347
295 916
881 740
926 540
71 830
667 607
782 102
604 719
723 734
139 916
903 383
991 228
554 634
175 314
514 830
690 151
231 684
507 789
978 148
526 661
356 741
76 892
823 764
346 698
585 592
6 787
372 894
881 147
208 929
309 6
413 904
780 329
355 232
888 604
156 317
452 499
479 19
245 181
174 729
829 271
319 958
170 908
759 644
105 497
120 913
1 517
76 462
695 81
612 257
329 295
920 142
56 918
556 852
117 517
692 175
550 82
493 600
590 105
812 134
951 716
7 299
532 144
801 898
865 511
368 919
202 793
519 185
642 567
500 573
83 90
861 657
910 581
378 947
748 326
665 981
298 950
62 910
990 202
332 545
488 82
901 677
669 899
975 999
72 343
915 696
232 789
803 703
599 972
310 943
347 905
411 828
392 439
451 361
952 810
926 880
127 626
351 811
871 377
345 981
28 103
375 16
580 127
192 430
144 394
923 647
533 413
977 273
515 117
863 855
21 258
546 471
69 538
285 511
871 285
995 957
97 646
159 745
52 797
487 75
546 43
701 177
837 302
857 397
947 125
918 595
114 546
573 947
604 644
80 950
720 594
320 589
4 724
298 718
11 81
405 3
918 474
720 756
96 524
674 349
866 591
35 986
417 771
640 29
174 503
464 426
219 583
487 765
179 975
573 976
196 650
306 342
558 35
836 323
283 10
840 287
239 95
783 75
8 653
928 449
784 924
257 10
111 188
662 532
236 630
585 373
914 547
53 384
283 452
502 136
430 894
933 359
229 691
540 584
541 131
680 369
833 184
392 493
296 91
110 841
249 770
390 918
683 643
523 4
866 885
19 264
123 853
815 641
353 851
609 895
766 992
373 663
361 950
449 894
354 796
890 558
259 392
439 512
268 730
738 114
851 647
769 325
576 267
710 714
494 812
348 462
116 578
851 500
115 234
966 104
186 261
603 440
314 556
825 62
396 983
171 404
636 102
60 544
170 664
284 954
813 343
12 325
968 207
959 730
679 288
333 967
660 700
996 733
929 207
720 187
747 966
30 153
995 277
980 797
954 526
230 861
84 170
73 53
764 569
991 851
895 417
1000 508
256 860
309 314
127 35
849 899
113 126
545 509
954 626
980 511
961 599
815 273
820 95
211 777
297 751
494 818
489 940
663 909
351 123
70 861
597 729
80 608
332 340
595 993
987 607
292 428
991 89
664 939
297 258
414 387
551 222
887 25
765 754
222 782
12 54
165 445
25 364
493 154
165 166
656 76
27 581
862 957
44 392
610 994
275 353
311 614
210 770
265 150
298 855
379 304
9 870
611 285
347 512
79 285
372 418
98 315
815 89
585 295
886 174
610 168
241 734
759 468
753 269
88 533
184 550
505 583
567 785
76 936
302 778
783 562
485 802
55 381
815 180
846 749
122 137
861 545
720 252
973 865
241 593
304 865
973 142
863 76
805 574
762 79
535 504
795 227
6 7
992 134
63 798
595 980
117 154
869 578
564 203
218 946
521 858
562 310
440 581
713 173
578 351
297 382
120 346
664 263
688 26
711 772
24 51
16 974
463 613
39 1
962 247
161 153
140 869
320 432
653 618
182 235
321 998
324 757
653 409
980 279
372 929
965 126
394 910
939 475
797 664
409 206
721 923
389 871
280 180
219 576
602 737
868 950
243 742
176 276
456 962
79 220
603 357
139 698
320 133
851 69
628 774
794 447
430 234
911 205
577 76
879 668
275 114
761 363
831 954
74 291
358 510
827 384
381 890
520 807
264 34
272 69
718 797
273 84
542 255
336 247
59 911
176 58
371 360
840 626
290 34
340 692
727 458
113 49
641 215
852 101
421 411
471 534
337 801
255 411
225 789
462 653
20 718
609 453
104 267
720 651
280 74
808 999
287 568
59 716
934 485
286 672
465 623
305 689
698 780
313 253
890 820
307 456
72 351
710 217
947 973
520 375
541 817
637 544
897 374
433 985
463 122
308 743
195 487
217 443
732 500
891 442
673 445
708 549
528 892
900 941
273 788
304 737
644 168
212 87
556 955
471 38
246 439
245 167
739 876
4 655
508 901
741 413
876 664
419 895
432 916
108 662
548 208
81 860
587 899
372 829
812 136
676 342
843 49
430 610
344 840
427 647
3 835
572 156
672 999
603 771
18 791
912 324
736 986
904 115
29 654
433 850
724 522
213 343
493 475
266 463
529 836
313 375
123 124
144 653
902 438
242 732
344 64
828 404
335 186
383 704
59 340
105 155
78 673
112 202
811 356
992 659
936 537
695 224
548 877
382 452
226 369
395 288
148 15
630 793
324 829
730 403
579 896
685 274
166 28
220 138
267 830
851 726
315 103
153 456
479 742
831 714
561 575
86 833
223 467
995 990
18 458
300 342
718 743
390 803
941 952
122 697
138 853
256 560
192 594
923 119
142 848
475 36
490 138
674 516
317 534
175 169
833 964
474 630
376 333
263 682
154 52
605 295
928 913
390 720
725 207
667 617
223 798
683 545
823 977
363 471
343 279
622 412
277 256
92 954
44 763
616 465
708 211
482 268
444 173
729 180
490 598
150 322
917 529
792 206
16 611
216 241
195 436
822 885
456 556
871 198
511 550
74 337
245 302
247 481
497 128
225 802
467 979
966 747
692 313
369 78
34 988
768 735
596 215
658 919
231 972
668 486
437 907
639 232
212 916
661 959
85 196
261 494
467 816
682 292
810 323
198 666
903 994
737 917
634 704
439 77
214 504
558 262
937 166
329 174
939 376
305 64
118 369
10 929
633 485
344 287
749 969
227 58
75 962
529 791
65 616
694 594
894 200
126 752
679 55
358 738
523 639
161 354
928 360
239 661
518 167
442 293
895 906
182 284
292 8
963 191
210 914
430 417
833 762
545 681
129 860
62 745
19 211
36 7
231 167
551 899
122 511
473 292
847 817
785 128
77 405
472 455
147 117
880 132
471 828
767 718
493 29
598 973
823 356
884 287
654 420
386 266
490 807
449 729
792 417
978 212
618 500
902 667
930 287
152 886
872 140
220 938
66 82
970 552
602 185
912 99
383 957
935 913
386 803
78 752
3 860
202 718
919 384
255 465
224 724
397 563
440 817
201 542
852 511
183 139
345 604
411 57
36 558
447 700
612 829
704 160
53 791
261 755
29 469
238 226
248 8
392 403
15 683
170 667
944 125
579 437
329 477
354 589
171 546
354 698
958 463
163 406
90 11
973 431
84 357
190 896
912 987
520 196
165 419
846 424
460 250
204 607
902 410
905 312
603 43
316 40
605 724
586 691
889 16
439 398
709 155
932 464
482 284
233 35
226 384
370 447
135 516
393 958
195 243
283 784
937 187
12 346
774 502
34 943
989 360
56 589
87 338
706 308
934 377
408 676
823 312
569 476
532 149
204 852
775 804
835 915
415 323
999 275
172 74
755 289
811 97
581 718
363 837
170 245
596 73
407 756
353 241
849 76
670 723
986 950
814 489
2 543
879 394
404 719
703 740
966 768
76 371
638 271
343 688
985 694
746 73
303 805
480 429
196 562
432 914
942 262
958 743
705 478
183 536
214 844
939 213
131 986
935 555
237 186
817 610
513 570
712 751
222 858
308 311
720 442
625 953
918 713
596 62
210 116
753 722
602 315
444 227
444 119
200 667
896 843
551 34
374 375
571 853
922 780
24 486
630 580
665 329
429 57
751 433
460 632
239 260
524 839
621 731
685 682
44 728
286 441
327 437
21 126
682 834
990 797
918 199
967 58
834 937
165 317
947 759
446 155
208 330
443 759
522 897
931 234
307 467
670 674
672 31
615 733
683 236
58 654
931 51
440 585
61 642
15 323
362 317
412 816
945 901
377 841
624 542
370 204
842 670
926 5
564 419
531 224
218 8
762 433
411 516
223 156
167 833
607 975
959 376
57 813
181 627
205 698
646 375
6 83
522 544
257 17
147 48
785 282
180 39
662 849
941 572
995 976
838 674
982 722
795 883
575 177
294 990
55 476
850 939
735 168
794 611
527 466
676 78
141 69
864 213
676 269
977 147
814 354
217 935
473 602
921 907
185 722
442 858
138 565
154 106
147 999
384 193
789 851
842 737
279 315
481 577
731 577
562 966
245 70
